indi:indi1900
code:3, 44, 0, 2, 2, 3, 3, 0, 2, 2, 3, 3
Acc:18.546
----------------------------------------------------------------------------------------------------
indi:indi1901
code:3, 44, 0, 2, 2, 3, 3, 0, 2, 2, 3, 3
Acc:18.546
----------------------------------------------------------------------------------------------------
indi:indi1902
code:3, 44, 0, 2, 2, 2, 3, 0, 2, 2, 3, 3
Acc:17.302
----------------------------------------------------------------------------------------------------
indi:indi1903
code:3, 44, 0, 2, 2, 3, 3, 0, 2, 2, 3, 3
Acc:18.546
----------------------------------------------------------------------------------------------------
indi:indi1904
code:3, 44, 0, 2, 2, 3, 3, 0, 2, 2, 3, 3
Acc:18.546
----------------------------------------------------------------------------------------------------
indi:indi1905
code:3, 44, 0, 0, 2, 2, 3, 0, 2, 2, 3, 3
Acc:17.108
----------------------------------------------------------------------------------------------------
indi:indi1906
code:3, 44, 0, 2, 2, 3, 3, 0, 2, 2, 3, 3
Acc:18.546
----------------------------------------------------------------------------------------------------
indi:indi1907
code:3, 44, 0, 2, 2, 3, 3, 0, 2, 2, 3, 3
Acc:18.546
----------------------------------------------------------------------------------------------------
indi:indi1908
code:3, 44, 0, 2, 2, 3, 3, 0, 2, 3, 3, 3
Acc:17.853
----------------------------------------------------------------------------------------------------
indi:indi1909
code:3, 44, 0, 2, 2, 3, 3, 0, 2, 2, 3, 3
Acc:18.546
----------------------------------------------------------------------------------------------------