indi:indi1100
code:21, 28, 4, 13, 19, 21, 21, 8, 17, 21, 21, 21
Acc:8.719089
----------------------------------------------------------------------------------------------------
indi:indi1101
code:21, 28, 0, 4, 18, 21, 21, 8, 17, 21, 21, 21
Acc:8.66174
----------------------------------------------------------------------------------------------------
indi:indi1102
code:21, 28, 4, 11, 18, 21, 21, 8, 17, 21, 21, 21
Acc:8.623176
----------------------------------------------------------------------------------------------------
indi:indi1103
code:14, 32, 0, 3, 12, 14, 14, 5, 11, 14, 14, 14
Acc:8.43187
----------------------------------------------------------------------------------------------------
indi:indi1104
code:18, 24, 0, 3, 15, 18, 18, 7, 13, 18, 18, 18
Acc:8.598313
----------------------------------------------------------------------------------------------------
indi:indi1105
code:12, 32, 0, 3, 10, 12, 12, 4, 9, 12, 12, 12
Acc:8.36695
----------------------------------------------------------------------------------------------------
indi:indi1106
code:21, 28, 0, 4, 10, 21, 21, 8, 17, 21, 21, 21
Acc:8.369148
----------------------------------------------------------------------------------------------------
indi:indi1107
code:21, 28, 0, 4, 13, 21, 21, 8, 17, 21, 21, 21
Acc:8.415477
----------------------------------------------------------------------------------------------------
indi:indi1108
code:16, 20, 3, 13, 16, 16, 16, 6, 13, 16, 16, 16
Acc:8.020486
----------------------------------------------------------------------------------------------------
indi:indi1109
code:18, 28, 3, 9, 11, 18, 18, 7, 15, 18, 18, 18
Acc:8.124803
----------------------------------------------------------------------------------------------------