indi:indi0100
code:5, 56, 3, 3, 5, 5, 5, 3, 5, 5, 5, 5
Acc:7.575368
----------------------------------------------------------------------------------------------------
indi:indi0101
code:4, 28, 2, 2, 4, 4, 4, 2, 2, 4, 4, 4
Acc:7.436673
----------------------------------------------------------------------------------------------------
indi:indi0102
code:5, 48, 0, 1, 3, 5, 5, 2, 4, 5, 5, 5
Acc:7.086157
----------------------------------------------------------------------------------------------------
indi:indi0103
code:3, 56, 2, 2, 3, 3, 3, 2, 3, 3, 3, 3
Acc:6.999882
----------------------------------------------------------------------------------------------------
indi:indi0104
code:2, 64, 1, 1, 2, 2, 2, 1, 2, 2, 2, 2
Acc:7.040574
----------------------------------------------------------------------------------------------------
indi:indi0105
code:2, 16, 0, 1, 2, 2, 2, 0, 1, 1, 2, 2
Acc:6.827391
----------------------------------------------------------------------------------------------------
indi:indi0106
code:2, 32, 0, 0, 2, 2, 2, 1, 1, 2, 2, 2
Acc:6.874798
----------------------------------------------------------------------------------------------------
indi:indi0107
code:3, 32, 2, 2, 3, 3, 3, 2, 2, 3, 3, 3
Acc:6.922406
----------------------------------------------------------------------------------------------------
indi:indi0108
code:2, 16, 1, 1, 2, 2, 2, 1, 1, 1, 2, 2
Acc:6.781226
----------------------------------------------------------------------------------------------------
indi:indi0109
code:2, 16, 0, 1, 2, 2, 2, 1, 1, 1, 2, 2
Acc:6.792635
----------------------------------------------------------------------------------------------------