indi:indi0000
code:5, 48, 0, 1, 3, 5, 5, 2, 4, 5, 5, 5
Acc:-1.0
----------------------------------------------------------------------------------------------------
indi:indi0001
code:3, 32, 0, 0, 2, 3, 3, 1, 2, 2, 3, 3
Acc:-1.0
----------------------------------------------------------------------------------------------------
indi:indi0002
code:2, 8, 1, 2, 2, 2, 2, 1, 1, 2, 2, 2
Acc:-1.0
----------------------------------------------------------------------------------------------------
indi:indi0003
code:2, 16, 0, 0, 2, 2, 2, 0, 1, 1, 2, 2
Acc:-1.0
----------------------------------------------------------------------------------------------------
indi:indi0004
code:2, 8, 1, 2, 2, 2, 2, 1, 1, 2, 2, 2
Acc:-1.0
----------------------------------------------------------------------------------------------------
indi:indi0005
code:3, 20, 2, 2, 3, 3, 3, 0, 2, 3, 3, 3
Acc:-1.0
----------------------------------------------------------------------------------------------------
indi:indi0006
code:3, 56, 2, 2, 3, 3, 3, 2, 3, 3, 3, 3
Acc:-1.0
----------------------------------------------------------------------------------------------------
indi:indi0007
code:3, 32, 2, 2, 3, 3, 3, 2, 2, 3, 3, 3
Acc:-1.0
----------------------------------------------------------------------------------------------------
indi:indi0008
code:2, 32, 0, 1, 2, 2, 2, 1, 1, 2, 2, 2
Acc:-1.0
----------------------------------------------------------------------------------------------------
indi:indi0009
code:2, 16, 0, 1, 2, 2, 2, 1, 1, 1, 2, 2
Acc:-1.0
----------------------------------------------------------------------------------------------------