indi:indi1700
code:21, 28, 0, 19, 19, 21, 21, 8, 17, 21, 21, 21
Acc:9.017577
----------------------------------------------------------------------------------------------------
indi:indi1701
code:21, 28, 4, 19, 19, 21, 21, 8, 17, 21, 21, 21
Acc:9.00876
----------------------------------------------------------------------------------------------------
indi:indi1702
code:21, 28, 4, 19, 19, 21, 21, 8, 17, 21, 21, 21
Acc:9.00876
----------------------------------------------------------------------------------------------------
indi:indi1703
code:21, 28, 11, 19, 19, 21, 21, 8, 17, 21, 21, 21
Acc:8.97221
----------------------------------------------------------------------------------------------------
indi:indi1704
code:21, 28, 4, 19, 19, 21, 21, 8, 17, 21, 21, 21
Acc:9.008759
----------------------------------------------------------------------------------------------------
indi:indi1705
code:21, 28, 4, 10, 19, 21, 21, 8, 17, 21, 21, 21
Acc:8.72677
----------------------------------------------------------------------------------------------------
indi:indi1706
code:21, 28, 4, 10, 19, 21, 21, 8, 17, 21, 21, 21
Acc:8.726772
----------------------------------------------------------------------------------------------------
indi:indi1707
code:18, 24, 3, 16, 16, 18, 18, 7, 13, 18, 18, 18
Acc:8.92179
----------------------------------------------------------------------------------------------------
indi:indi1708
code:14, 32, 3, 12, 12, 14, 14, 5, 11, 14, 14, 14
Acc:8.702372
----------------------------------------------------------------------------------------------------
indi:indi1709
code:16, 20, 14, 14, 16, 16, 16, 6, 13, 16, 16, 16
Acc:8.71032
----------------------------------------------------------------------------------------------------