indi:indi0300
code:6, 28, 3, 3, 6, 6, 6, 3, 3, 6, 6, 6
Acc:7.841323
----------------------------------------------------------------------------------------------------
indi:indi0301
code:7, 40, 0, 2, 4, 7, 7, 3, 5, 7, 7, 7
Acc:7.588485
----------------------------------------------------------------------------------------------------
indi:indi0302
code:5, 56, 3, 3, 5, 5, 5, 3, 5, 5, 5, 5
Acc:7.57537
----------------------------------------------------------------------------------------------------
indi:indi0303
code:5, 56, 2, 3, 5, 5, 5, 3, 5, 5, 5, 5
Acc:7.564195
----------------------------------------------------------------------------------------------------
indi:indi0304
code:5, 56, 3, 3, 5, 5, 5, 3, 5, 5, 5, 5
Acc:7.575368
----------------------------------------------------------------------------------------------------
indi:indi0305
code:3, 56, 2, 2, 3, 3, 3, 2, 3, 3, 3, 3
Acc:6.999882
----------------------------------------------------------------------------------------------------
indi:indi0306
code:2, 64, 1, 1, 2, 2, 2, 1, 2, 2, 2, 2
Acc:7.040574
----------------------------------------------------------------------------------------------------
indi:indi0307
code:4, 28, 2, 2, 4, 4, 4, 2, 2, 4, 4, 4
Acc:7.43667
----------------------------------------------------------------------------------------------------
indi:indi0308
code:3, 28, 2, 2, 3, 3, 3, 2, 2, 3, 3, 3
Acc:6.923554
----------------------------------------------------------------------------------------------------
indi:indi0309
code:2, 36, 1, 1, 2, 2, 2, 1, 1, 2, 2, 2
Acc:6.978284
----------------------------------------------------------------------------------------------------