indi:indi1300
code:21, 28, 4, 18, 19, 21, 21, 8, 17, 21, 21, 21
Acc:8.962254
----------------------------------------------------------------------------------------------------
indi:indi1301
code:21, 28, 0, 18, 19, 21, 21, 8, 17, 21, 21, 21
Acc:8.959205
----------------------------------------------------------------------------------------------------
indi:indi1302
code:21, 28, 4, 13, 19, 21, 21, 8, 17, 21, 21, 21
Acc:8.719089
----------------------------------------------------------------------------------------------------
indi:indi1303
code:21, 28, 4, 6, 18, 21, 21, 8, 17, 21, 21, 21
Acc:8.665627
----------------------------------------------------------------------------------------------------
indi:indi1304
code:21, 28, 11, 13, 19, 21, 21, 8, 17, 21, 21, 21
Acc:8.677241
----------------------------------------------------------------------------------------------------
indi:indi1305
code:21, 28, 0, 4, 10, 21, 21, 8, 17, 21, 21, 21
Acc:8.36915
----------------------------------------------------------------------------------------------------
indi:indi1306
code:21, 28, 4, 10, 13, 21, 21, 8, 17, 21, 21, 21
Acc:8.371964
----------------------------------------------------------------------------------------------------
indi:indi1307
code:21, 28, 4, 11, 18, 21, 21, 8, 17, 21, 21, 21
Acc:8.62318
----------------------------------------------------------------------------------------------------
indi:indi1308
code:18, 28, 0, 3, 15, 18, 18, 7, 15, 18, 18, 18
Acc:8.14161
----------------------------------------------------------------------------------------------------
indi:indi1309
code:16, 20, 10, 14, 16, 16, 16, 6, 13, 16, 16, 16
Acc:8.344972
----------------------------------------------------------------------------------------------------