indi:indi1500
code:21, 28, 0, 19, 19, 21, 21, 8, 17, 21, 21, 21
Acc:9.017577
----------------------------------------------------------------------------------------------------
indi:indi1501
code:21, 28, 4, 19, 19, 21, 21, 8, 17, 21, 21, 21
Acc:9.008759
----------------------------------------------------------------------------------------------------
indi:indi1502
code:21, 28, 4, 18, 19, 21, 21, 8, 17, 21, 21, 21
Acc:8.962254
----------------------------------------------------------------------------------------------------
indi:indi1503
code:21, 28, 11, 18, 19, 21, 21, 8, 17, 21, 21, 21
Acc:8.902521
----------------------------------------------------------------------------------------------------
indi:indi1504
code:21, 28, 0, 18, 19, 21, 21, 8, 17, 21, 21, 21
Acc:8.959205
----------------------------------------------------------------------------------------------------
indi:indi1505
code:21, 28, 4, 10, 18, 21, 21, 8, 17, 21, 21, 21
Acc:8.612807
----------------------------------------------------------------------------------------------------
indi:indi1506
code:21, 28, 0, 10, 18, 21, 21, 8, 17, 21, 21, 21
Acc:8.61814
----------------------------------------------------------------------------------------------------
indi:indi1507
code:18, 24, 3, 15, 16, 18, 18, 7, 13, 18, 18, 18
Acc:8.875236
----------------------------------------------------------------------------------------------------
indi:indi1508
code:21, 28, 4, 10, 13, 21, 21, 8, 17, 21, 21, 21
Acc:8.371964
----------------------------------------------------------------------------------------------------
indi:indi1509
code:18, 28, 3, 11, 16, 18, 18, 7, 15, 18, 18, 18
Acc:8.424307
----------------------------------------------------------------------------------------------------