indi:indi1000
code:21, 28, 4, 13, 19, 21, 21, 8, 17, 21, 21, 21
Acc:8.719089
----------------------------------------------------------------------------------------------------
indi:indi1001
code:21, 28, 0, 4, 18, 21, 21, 8, 17, 21, 21, 21
Acc:8.66174
----------------------------------------------------------------------------------------------------
indi:indi1002
code:14, 32, 0, 3, 12, 14, 14, 5, 11, 14, 14, 14
Acc:8.43187
----------------------------------------------------------------------------------------------------
indi:indi1003
code:21, 28, 0, 4, 13, 21, 21, 8, 17, 21, 21, 21
Acc:8.415477
----------------------------------------------------------------------------------------------------
indi:indi1004
code:14, 32, 0, 3, 12, 14, 14, 5, 11, 14, 14, 14
Acc:8.43187
----------------------------------------------------------------------------------------------------
indi:indi1005
code:18, 28, 3, 9, 11, 18, 18, 7, 15, 18, 18, 18
Acc:8.124803
----------------------------------------------------------------------------------------------------
indi:indi1006
code:21, 20, 0, 4, 13, 21, 21, 8, 17, 21, 21, 21
Acc:8.139018
----------------------------------------------------------------------------------------------------
indi:indi1007
code:21, 28, 0, 4, 10, 21, 21, 8, 17, 21, 21, 21
Acc:8.369148
----------------------------------------------------------------------------------------------------
indi:indi1008
code:16, 20, 3, 10, 16, 16, 16, 6, 13, 16, 16, 16
Acc:8.01292
----------------------------------------------------------------------------------------------------
indi:indi1009
code:14, 32, 0, 3, 9, 14, 14, 5, 11, 14, 14, 14
Acc:8.105551
----------------------------------------------------------------------------------------------------