indi:indi0600
code:7, 44, 0, 2, 6, 7, 7, 3, 5, 7, 7, 7
Acc:8.17044
----------------------------------------------------------------------------------------------------
indi:indi0601
code:14, 32, 0, 3, 9, 14, 14, 5, 11, 14, 14, 14
Acc:8.105551
----------------------------------------------------------------------------------------------------
indi:indi0602
code:7, 40, 0, 2, 6, 7, 7, 3, 5, 7, 7, 7
Acc:8.06904
----------------------------------------------------------------------------------------------------
indi:indi0603
code:6, 28, 3, 3, 6, 6, 6, 3, 3, 6, 6, 6
Acc:7.841323
----------------------------------------------------------------------------------------------------
indi:indi0604
code:7, 40, 0, 2, 6, 7, 7, 3, 5, 7, 7, 7
Acc:8.06904
----------------------------------------------------------------------------------------------------
indi:indi0605
code:7, 40, 0, 2, 5, 7, 7, 3, 5, 7, 7, 7
Acc:7.601012
----------------------------------------------------------------------------------------------------
indi:indi0606
code:6, 20, 3, 3, 6, 6, 6, 3, 3, 6, 6, 6
Acc:7.639609
----------------------------------------------------------------------------------------------------
indi:indi0607
code:5, 28, 2, 2, 5, 5, 5, 2, 2, 5, 5, 5
Acc:7.814247
----------------------------------------------------------------------------------------------------
indi:indi0608
code:4, 24, 2, 2, 4, 4, 4, 2, 2, 4, 4, 4
Acc:7.346435
----------------------------------------------------------------------------------------------------
indi:indi0609
code:5, 56, 3, 3, 5, 5, 5, 3, 5, 5, 5, 5
Acc:7.575368
----------------------------------------------------------------------------------------------------