indi:indi0400
code:7, 40, 0, 2, 6, 7, 7, 3, 5, 7, 7, 7
Acc:8.06904
----------------------------------------------------------------------------------------------------
indi:indi0401
code:6, 28, 3, 3, 6, 6, 6, 3, 3, 6, 6, 6
Acc:7.841323
----------------------------------------------------------------------------------------------------
indi:indi0402
code:10, 36, 0, 2, 6, 10, 10, 4, 8, 10, 10, 10
Acc:7.718906
----------------------------------------------------------------------------------------------------
indi:indi0403
code:7, 40, 0, 2, 5, 7, 7, 3, 5, 7, 7, 7
Acc:7.601012
----------------------------------------------------------------------------------------------------
indi:indi0404
code:7, 44, 0, 2, 4, 7, 7, 3, 5, 7, 7, 7
Acc:7.706771
----------------------------------------------------------------------------------------------------
indi:indi0405
code:5, 40, 3, 3, 5, 5, 5, 3, 5, 5, 5, 5
Acc:7.371578
----------------------------------------------------------------------------------------------------
indi:indi0406
code:4, 28, 2, 2, 4, 4, 4, 2, 2, 4, 4, 4
Acc:7.43667
----------------------------------------------------------------------------------------------------
indi:indi0407
code:5, 56, 3, 3, 5, 5, 5, 3, 5, 5, 5, 5
Acc:7.575368
----------------------------------------------------------------------------------------------------
indi:indi0408
code:3, 56, 2, 2, 3, 3, 3, 2, 3, 3, 3, 3
Acc:6.99988
----------------------------------------------------------------------------------------------------
indi:indi0409
code:2, 64, 1, 1, 2, 2, 2, 1, 2, 2, 2, 2
Acc:7.040574
----------------------------------------------------------------------------------------------------