indi:indi1800
code:21, 28, 0, 19, 19, 21, 21, 8, 17, 21, 21, 21
Acc:9.017577
----------------------------------------------------------------------------------------------------
indi:indi1801
code:21, 28, 4, 19, 19, 21, 21, 8, 17, 21, 21, 21
Acc:9.00876
----------------------------------------------------------------------------------------------------
indi:indi1802
code:21, 28, 4, 19, 19, 21, 21, 8, 17, 21, 21, 21
Acc:9.00876
----------------------------------------------------------------------------------------------------
indi:indi1803
code:21, 28, 4, 19, 19, 21, 21, 8, 17, 21, 21, 21
Acc:9.008759
----------------------------------------------------------------------------------------------------
indi:indi1804
code:21, 28, 4, 19, 19, 21, 21, 8, 17, 21, 21, 21
Acc:9.00876
----------------------------------------------------------------------------------------------------
indi:indi1805
code:21, 28, 4, 10, 19, 21, 21, 8, 17, 21, 21, 21
Acc:8.726772
----------------------------------------------------------------------------------------------------
indi:indi1806
code:18, 28, 3, 16, 16, 18, 18, 7, 15, 18, 18, 18
Acc:8.72827
----------------------------------------------------------------------------------------------------
indi:indi1807
code:18, 24, 3, 16, 16, 18, 18, 7, 13, 18, 18, 18
Acc:8.92179
----------------------------------------------------------------------------------------------------
indi:indi1808
code:16, 20, 14, 14, 16, 16, 16, 6, 13, 16, 16, 16
Acc:8.71032
----------------------------------------------------------------------------------------------------
indi:indi1809
code:21, 28, 4, 10, 19, 21, 21, 8, 17, 21, 21, 21
Acc:8.72677
----------------------------------------------------------------------------------------------------