indi:indi1200
code:21, 28, 4, 18, 19, 21, 21, 8, 17, 21, 21, 21
Acc:8.962254
----------------------------------------------------------------------------------------------------
indi:indi1201
code:21, 28, 4, 13, 19, 21, 21, 8, 17, 21, 21, 21
Acc:8.719089
----------------------------------------------------------------------------------------------------
indi:indi1202
code:21, 28, 0, 4, 18, 21, 21, 8, 17, 21, 21, 21
Acc:8.66174
----------------------------------------------------------------------------------------------------
indi:indi1203
code:21, 28, 4, 11, 18, 21, 21, 8, 17, 21, 21, 21
Acc:8.623176
----------------------------------------------------------------------------------------------------
indi:indi1204
code:21, 28, 4, 11, 18, 21, 21, 8, 17, 21, 21, 21
Acc:8.62318
----------------------------------------------------------------------------------------------------
indi:indi1205
code:21, 28, 0, 4, 10, 21, 21, 8, 17, 21, 21, 21
Acc:8.369148
----------------------------------------------------------------------------------------------------
indi:indi1206
code:21, 28, 0, 4, 10, 21, 21, 8, 17, 21, 21, 21
Acc:8.36915
----------------------------------------------------------------------------------------------------
indi:indi1207
code:18, 24, 0, 3, 15, 18, 18, 7, 13, 18, 18, 18
Acc:8.59831
----------------------------------------------------------------------------------------------------
indi:indi1208
code:14, 32, 3, 7, 11, 14, 14, 5, 11, 14, 14, 14
Acc:8.089708
----------------------------------------------------------------------------------------------------
indi:indi1209
code:18, 28, 3, 9, 11, 18, 18, 7, 15, 18, 18, 18
Acc:8.124803
----------------------------------------------------------------------------------------------------