indi:indi1600
code:21, 28, 0, 19, 19, 21, 21, 8, 17, 21, 21, 21
Acc:9.017577
----------------------------------------------------------------------------------------------------
indi:indi1601
code:21, 28, 4, 19, 19, 21, 21, 8, 17, 21, 21, 21
Acc:9.00876
----------------------------------------------------------------------------------------------------
indi:indi1602
code:21, 28, 4, 19, 19, 21, 21, 8, 17, 21, 21, 21
Acc:9.008759
----------------------------------------------------------------------------------------------------
indi:indi1603
code:21, 28, 4, 18, 19, 21, 21, 8, 17, 21, 21, 21
Acc:8.962254
----------------------------------------------------------------------------------------------------
indi:indi1604
code:21, 28, 11, 19, 19, 21, 21, 8, 17, 21, 21, 21
Acc:8.972206
----------------------------------------------------------------------------------------------------
indi:indi1605
code:16, 20, 14, 14, 16, 16, 16, 6, 13, 16, 16, 16
Acc:8.710316
----------------------------------------------------------------------------------------------------
indi:indi1606
code:21, 28, 4, 10, 19, 21, 21, 8, 17, 21, 21, 21
Acc:8.726772
----------------------------------------------------------------------------------------------------
indi:indi1607
code:21, 28, 11, 18, 19, 21, 21, 8, 17, 21, 21, 21
Acc:8.902521
----------------------------------------------------------------------------------------------------
indi:indi1608
code:18, 28, 3, 15, 16, 18, 18, 7, 15, 18, 18, 18
Acc:8.440017
----------------------------------------------------------------------------------------------------
indi:indi1609
code:21, 28, 0, 10, 18, 21, 21, 8, 17, 21, 21, 21
Acc:8.61814
----------------------------------------------------------------------------------------------------