indi:indi0900
code:21, 28, 4, 13, 19, 21, 21, 8, 17, 21, 21, 21
Acc:8.719089
----------------------------------------------------------------------------------------------------
indi:indi0901
code:14, 32, 0, 3, 12, 14, 14, 5, 11, 14, 14, 14
Acc:8.43187
----------------------------------------------------------------------------------------------------
indi:indi0902
code:21, 28, 0, 4, 13, 21, 21, 8, 17, 21, 21, 21
Acc:8.415477
----------------------------------------------------------------------------------------------------
indi:indi0903
code:21, 28, 4, 11, 13, 21, 21, 8, 17, 21, 21, 21
Acc:8.394384
----------------------------------------------------------------------------------------------------
indi:indi0904
code:21, 28, 0, 6, 10, 21, 21, 8, 17, 21, 21, 21
Acc:8.39761
----------------------------------------------------------------------------------------------------
indi:indi0905
code:18, 28, 3, 9, 11, 18, 18, 7, 15, 18, 18, 18
Acc:8.124803
----------------------------------------------------------------------------------------------------
indi:indi0906
code:7, 44, 0, 4, 6, 7, 7, 3, 5, 7, 7, 7
Acc:8.148707
----------------------------------------------------------------------------------------------------
indi:indi0907
code:21, 28, 0, 4, 10, 21, 21, 8, 17, 21, 21, 21
Acc:8.369148
----------------------------------------------------------------------------------------------------
indi:indi0908
code:16, 20, 3, 10, 16, 16, 16, 6, 13, 16, 16, 16
Acc:8.01292
----------------------------------------------------------------------------------------------------
indi:indi0909
code:14, 32, 0, 3, 9, 14, 14, 5, 11, 14, 14, 14
Acc:8.105551
----------------------------------------------------------------------------------------------------