indi:indi0700
code:14, 32, 0, 3, 12, 14, 14, 5, 11, 14, 14, 14
Acc:8.43187
----------------------------------------------------------------------------------------------------
indi:indi0701
code:21, 28, 0, 4, 13, 21, 21, 8, 17, 21, 21, 21
Acc:8.415477
----------------------------------------------------------------------------------------------------
indi:indi0702
code:7, 44, 0, 2, 6, 7, 7, 3, 5, 7, 7, 7
Acc:8.17044
----------------------------------------------------------------------------------------------------
indi:indi0703
code:14, 32, 0, 3, 9, 14, 14, 5, 11, 14, 14, 14
Acc:8.105551
----------------------------------------------------------------------------------------------------
indi:indi0704
code:14, 32, 0, 3, 10, 14, 14, 5, 11, 14, 14, 14
Acc:8.115409
----------------------------------------------------------------------------------------------------
indi:indi0705
code:6, 28, 3, 3, 6, 6, 6, 3, 3, 6, 6, 6
Acc:7.841323
----------------------------------------------------------------------------------------------------
indi:indi0706
code:4, 28, 2, 3, 4, 4, 4, 2, 2, 4, 4, 4
Acc:7.845159
----------------------------------------------------------------------------------------------------
indi:indi0707
code:6, 40, 0, 2, 5, 6, 6, 3, 4, 6, 6, 6
Acc:8.016886
----------------------------------------------------------------------------------------------------
indi:indi0708
code:5, 52, 3, 3, 5, 5, 5, 3, 5, 5, 5, 5
Acc:7.577828
----------------------------------------------------------------------------------------------------
indi:indi0709
code:6, 20, 3, 3, 6, 6, 6, 3, 3, 6, 6, 6
Acc:7.639609
----------------------------------------------------------------------------------------------------