indi:indi1400
code:21, 28, 4, 19, 19, 21, 21, 8, 17, 21, 21, 21
Acc:9.008759
----------------------------------------------------------------------------------------------------
indi:indi1401
code:21, 28, 4, 18, 19, 21, 21, 8, 17, 21, 21, 21
Acc:8.962254
----------------------------------------------------------------------------------------------------
indi:indi1402
code:21, 28, 0, 18, 19, 21, 21, 8, 17, 21, 21, 21
Acc:8.959205
----------------------------------------------------------------------------------------------------
indi:indi1403
code:18, 24, 0, 15, 16, 18, 18, 7, 13, 18, 18, 18
Acc:8.882572
----------------------------------------------------------------------------------------------------
indi:indi1404
code:21, 28, 11, 18, 19, 21, 21, 8, 17, 21, 21, 21
Acc:8.902521
----------------------------------------------------------------------------------------------------
indi:indi1405
code:18, 28, 3, 11, 16, 18, 18, 7, 15, 18, 18, 18
Acc:8.424307
----------------------------------------------------------------------------------------------------
indi:indi1406
code:21, 28, 0, 10, 18, 21, 21, 8, 17, 21, 21, 21
Acc:8.61814
----------------------------------------------------------------------------------------------------
indi:indi1407
code:21, 28, 11, 13, 19, 21, 21, 8, 17, 21, 21, 21
Acc:8.677241
----------------------------------------------------------------------------------------------------
indi:indi1408
code:16, 20, 13, 14, 16, 16, 16, 6, 13, 16, 16, 16
Acc:8.364094
----------------------------------------------------------------------------------------------------
indi:indi1409
code:21, 28, 4, 10, 13, 21, 21, 8, 17, 21, 21, 21
Acc:8.371964
----------------------------------------------------------------------------------------------------