indi:indi0500
code:14, 32, 0, 3, 9, 14, 14, 5, 11, 14, 14, 14
Acc:8.105551
----------------------------------------------------------------------------------------------------
indi:indi0501
code:7, 40, 0, 2, 6, 7, 7, 3, 5, 7, 7, 7
Acc:8.06904
----------------------------------------------------------------------------------------------------
indi:indi0502
code:6, 28, 3, 3, 6, 6, 6, 3, 3, 6, 6, 6
Acc:7.841323
----------------------------------------------------------------------------------------------------
indi:indi0503
code:6, 28, 2, 3, 6, 6, 6, 3, 3, 6, 6, 6
Acc:7.837562
----------------------------------------------------------------------------------------------------
indi:indi0504
code:6, 28, 3, 3, 6, 6, 6, 3, 3, 6, 6, 6
Acc:7.84132
----------------------------------------------------------------------------------------------------
indi:indi0505
code:5, 56, 3, 3, 5, 5, 5, 3, 5, 5, 5, 5
Acc:7.575368
----------------------------------------------------------------------------------------------------
indi:indi0506
code:7, 40, 0, 2, 5, 7, 7, 3, 5, 7, 7, 7
Acc:7.601012
----------------------------------------------------------------------------------------------------
indi:indi0507
code:10, 36, 0, 2, 6, 10, 10, 4, 8, 10, 10, 10
Acc:7.718906
----------------------------------------------------------------------------------------------------
indi:indi0508
code:6, 28, 3, 3, 6, 6, 6, 3, 5, 6, 6, 6
Acc:7.127706
----------------------------------------------------------------------------------------------------
indi:indi0509
code:4, 28, 2, 2, 4, 4, 4, 2, 2, 4, 4, 4
Acc:7.43667
----------------------------------------------------------------------------------------------------