indi:indi0200
code:7, 40, 0, 2, 4, 7, 7, 3, 5, 7, 7, 7
Acc:7.588485
----------------------------------------------------------------------------------------------------
indi:indi0201
code:5, 56, 3, 3, 5, 5, 5, 3, 5, 5, 5, 5
Acc:7.575368
----------------------------------------------------------------------------------------------------
indi:indi0202
code:4, 28, 2, 2, 4, 4, 4, 2, 2, 4, 4, 4
Acc:7.436673
----------------------------------------------------------------------------------------------------
indi:indi0203
code:4, 28, 2, 2, 4, 4, 4, 2, 2, 4, 4, 4
Acc:7.43667
----------------------------------------------------------------------------------------------------
indi:indi0204
code:4, 28, 2, 2, 4, 4, 4, 2, 2, 4, 4, 4
Acc:7.43667
----------------------------------------------------------------------------------------------------
indi:indi0205
code:3, 64, 0, 1, 2, 3, 3, 2, 2, 3, 3, 3
Acc:6.949244
----------------------------------------------------------------------------------------------------
indi:indi0206
code:3, 56, 2, 2, 3, 3, 3, 2, 3, 3, 3, 3
Acc:6.999882
----------------------------------------------------------------------------------------------------
indi:indi0207
code:2, 64, 1, 1, 2, 2, 2, 1, 2, 2, 2, 2
Acc:7.040574
----------------------------------------------------------------------------------------------------
indi:indi0208
code:2, 16, 0, 1, 2, 2, 2, 1, 1, 1, 2, 2
Acc:6.792635
----------------------------------------------------------------------------------------------------
indi:indi0209
code:2, 32, 0, 0, 2, 2, 2, 1, 1, 2, 2, 2
Acc:6.874798
----------------------------------------------------------------------------------------------------