indi:indi0800
code:14, 32, 0, 3, 12, 14, 14, 5, 11, 14, 14, 14
Acc:8.43187
----------------------------------------------------------------------------------------------------
indi:indi0801
code:21, 28, 0, 4, 13, 21, 21, 8, 17, 21, 21, 21
Acc:8.415477
----------------------------------------------------------------------------------------------------
indi:indi0802
code:21, 28, 4, 11, 13, 21, 21, 8, 17, 21, 21, 21
Acc:8.394384
----------------------------------------------------------------------------------------------------
indi:indi0803
code:18, 24, 0, 3, 11, 18, 18, 7, 13, 18, 18, 18
Acc:8.327309
----------------------------------------------------------------------------------------------------
indi:indi0804
code:21, 28, 0, 4, 10, 21, 21, 8, 17, 21, 21, 21
Acc:8.369148
----------------------------------------------------------------------------------------------------
indi:indi0805
code:6, 40, 0, 2, 5, 6, 6, 3, 4, 6, 6, 6
Acc:8.016886
----------------------------------------------------------------------------------------------------
indi:indi0806
code:14, 32, 0, 3, 9, 14, 14, 5, 11, 14, 14, 14
Acc:8.105551
----------------------------------------------------------------------------------------------------
indi:indi0807
code:7, 44, 0, 4, 6, 7, 7, 3, 5, 7, 7, 7
Acc:8.148707
----------------------------------------------------------------------------------------------------
indi:indi0808
code:4, 28, 2, 3, 4, 4, 4, 2, 2, 4, 4, 4
Acc:7.845159
----------------------------------------------------------------------------------------------------
indi:indi0809
code:14, 16, 0, 3, 9, 14, 14, 5, 9, 11, 14, 14
Acc:7.984656
----------------------------------------------------------------------------------------------------