indi:indi0000
code:5, 48, 0, 1, 3, 5, 5, 2, 4, 5, 5, 5
Acc:7.086157
----------------------------------------------------------------------------------------------------
indi:indi0001
code:3, 32, 0, 0, 2, 3, 3, 1, 2, 2, 3, 3
Acc:6.92992
----------------------------------------------------------------------------------------------------
indi:indi0002
code:2, 8, 1, 2, 2, 2, 2, 1, 1, 2, 2, 2
Acc:6.707164
----------------------------------------------------------------------------------------------------
indi:indi0003
code:2, 16, 0, 0, 2, 2, 2, 0, 1, 1, 2, 2
Acc:6.826399
----------------------------------------------------------------------------------------------------
indi:indi0004
code:2, 8, 1, 2, 2, 2, 2, 1, 1, 2, 2, 2
Acc:6.707164
----------------------------------------------------------------------------------------------------
indi:indi0005
code:3, 20, 2, 2, 3, 3, 3, 0, 2, 3, 3, 3
Acc:6.758316
----------------------------------------------------------------------------------------------------
indi:indi0006
code:3, 56, 2, 2, 3, 3, 3, 2, 3, 3, 3, 3
Acc:6.999882
----------------------------------------------------------------------------------------------------
indi:indi0007
code:3, 32, 2, 2, 3, 3, 3, 2, 2, 3, 3, 3
Acc:6.922406
----------------------------------------------------------------------------------------------------
indi:indi0008
code:2, 32, 0, 1, 2, 2, 2, 1, 1, 2, 2, 2
Acc:6.879092
----------------------------------------------------------------------------------------------------
indi:indi0009
code:2, 16, 0, 1, 2, 2, 2, 1, 1, 1, 2, 2
Acc:6.792635
----------------------------------------------------------------------------------------------------
indi:indi0100
code:3, 32, 0, 0, 0, 2, 3, 1, 2, 2, 3, 3
Acc:6.6802
----------------------------------------------------------------------------------------------------
indi:indi0101
code:3, 32, 0, 2, 3, 3, 3, 2, 2, 3, 3, 3
Acc:6.919916
----------------------------------------------------------------------------------------------------
indi:indi0102
code:5, 56, 3, 3, 5, 5, 5, 3, 5, 5, 5, 5
Acc:7.575368
----------------------------------------------------------------------------------------------------
indi:indi0103
code:2, 16, 0, 1, 2, 2, 2, 0, 1, 1, 2, 2
Acc:6.827391
----------------------------------------------------------------------------------------------------
indi:indi0104
code:4, 28, 2, 2, 4, 4, 4, 2, 2, 4, 4, 4
Acc:7.436673
----------------------------------------------------------------------------------------------------
indi:indi0105
code:2, 16, 0, 1, 2, 2, 2, 1, 1, 1, 2, 2
Acc:6.79263
----------------------------------------------------------------------------------------------------
indi:indi0106
code:3, 36, 0, 0, 2, 3, 3, 1, 2, 2, 3, 3
Acc:6.976531
----------------------------------------------------------------------------------------------------
indi:indi0107
code:2, 16, 1, 1, 2, 2, 2, 1, 1, 1, 2, 2
Acc:6.781226
----------------------------------------------------------------------------------------------------
indi:indi0108
code:2, 32, 0, 0, 2, 2, 2, 1, 1, 2, 2, 2
Acc:6.874798
----------------------------------------------------------------------------------------------------
indi:indi0109
code:2, 64, 1, 1, 2, 2, 2, 1, 2, 2, 2, 2
Acc:7.040574
----------------------------------------------------------------------------------------------------
indi:indi0200
code:4, 28, 2, 2, 4, 4, 4, 2, 2, 4, 4, 4
Acc:7.43667
----------------------------------------------------------------------------------------------------
indi:indi0201
code:7, 40, 0, 2, 4, 7, 7, 3, 5, 7, 7, 7
Acc:7.588485
----------------------------------------------------------------------------------------------------
indi:indi0202
code:2, 16, 0, 1, 2, 2, 2, 1, 1, 1, 2, 2
Acc:6.79263
----------------------------------------------------------------------------------------------------
indi:indi0203
code:5, 52, 0, 1, 3, 5, 5, 2, 4, 5, 5, 5
Acc:7.18534
----------------------------------------------------------------------------------------------------
indi:indi0204
code:4, 28, 2, 2, 4, 4, 4, 2, 2, 4, 4, 4
Acc:7.43667
----------------------------------------------------------------------------------------------------
indi:indi0205
code:2, 64, 0, 1, 2, 2, 2, 1, 2, 2, 2, 2
Acc:7.031987
----------------------------------------------------------------------------------------------------
indi:indi0206
code:3, 64, 0, 1, 2, 3, 3, 2, 2, 3, 3, 3
Acc:6.949244
----------------------------------------------------------------------------------------------------
indi:indi0207
code:2, 16, 1, 1, 2, 2, 2, 1, 1, 1, 2, 2
Acc:6.78123
----------------------------------------------------------------------------------------------------
indi:indi0208
code:4, 28, 2, 2, 4, 4, 4, 2, 3, 4, 4, 4
Acc:7.01417
----------------------------------------------------------------------------------------------------
indi:indi0209
code:2, 8, 1, 2, 2, 2, 2, 1, 1, 2, 2, 2
Acc:6.70716
----------------------------------------------------------------------------------------------------
indi:indi0300
code:5, 56, 2, 3, 5, 5, 5, 3, 5, 5, 5, 5
Acc:7.564195
----------------------------------------------------------------------------------------------------
indi:indi0301
code:6, 28, 3, 3, 6, 6, 6, 3, 3, 6, 6, 6
Acc:7.841323
----------------------------------------------------------------------------------------------------
indi:indi0302
code:2, 32, 0, 0, 2, 2, 2, 1, 1, 2, 2, 2
Acc:6.8748
----------------------------------------------------------------------------------------------------
indi:indi0303
code:3, 28, 2, 2, 3, 3, 3, 2, 2, 3, 3, 3
Acc:6.923554
----------------------------------------------------------------------------------------------------
indi:indi0304
code:5, 56, 2, 3, 5, 5, 5, 3, 5, 5, 5, 5
Acc:7.564195
----------------------------------------------------------------------------------------------------
indi:indi0305
code:4, 28, 1, 2, 4, 4, 4, 2, 2, 4, 4, 4
Acc:7.435521
----------------------------------------------------------------------------------------------------
indi:indi0306
code:2, 36, 1, 1, 2, 2, 2, 1, 1, 2, 2, 2
Acc:6.978284
----------------------------------------------------------------------------------------------------
indi:indi0307
code:2, 36, 1, 1, 2, 2, 2, 1, 1, 2, 2, 2
Acc:6.978284
----------------------------------------------------------------------------------------------------
indi:indi0308
code:5, 56, 3, 3, 5, 5, 5, 3, 5, 5, 5, 5
Acc:7.57537
----------------------------------------------------------------------------------------------------
indi:indi0309
code:2, 16, 1, 2, 2, 2, 2, 1, 2, 2, 2, 2
Acc:6.674186
----------------------------------------------------------------------------------------------------
indi:indi0400
code:7, 40, 0, 2, 5, 7, 7, 3, 5, 7, 7, 7
Acc:7.601012
----------------------------------------------------------------------------------------------------
indi:indi0401
code:5, 40, 3, 3, 5, 5, 5, 3, 5, 5, 5, 5
Acc:7.371578
----------------------------------------------------------------------------------------------------
indi:indi0402
code:2, 32, 1, 1, 2, 2, 2, 1, 1, 2, 2, 2
Acc:6.875312
----------------------------------------------------------------------------------------------------
indi:indi0403
code:4, 56, 2, 2, 4, 4, 4, 2, 4, 4, 4, 4
Acc:7.566472
----------------------------------------------------------------------------------------------------
indi:indi0404
code:7, 44, 0, 2, 4, 7, 7, 3, 5, 7, 7, 7
Acc:7.706771
----------------------------------------------------------------------------------------------------
indi:indi0405
code:2, 16, 1, 2, 2, 2, 2, 1, 2, 2, 2, 2
Acc:6.67419
----------------------------------------------------------------------------------------------------
indi:indi0406
code:3, 56, 2, 2, 3, 3, 3, 2, 3, 3, 3, 3
Acc:6.99988
----------------------------------------------------------------------------------------------------
indi:indi0407
code:10, 36, 0, 2, 6, 10, 10, 4, 8, 10, 10, 10
Acc:7.718906
----------------------------------------------------------------------------------------------------
indi:indi0408
code:7, 40, 0, 2, 4, 7, 7, 3, 6, 7, 7, 7
Acc:7.183276
----------------------------------------------------------------------------------------------------
indi:indi0409
code:7, 40, 0, 2, 6, 7, 7, 3, 5, 7, 7, 7
Acc:8.06904
----------------------------------------------------------------------------------------------------
indi:indi0500
code:6, 28, 2, 3, 6, 6, 6, 3, 3, 6, 6, 6
Acc:7.837562
----------------------------------------------------------------------------------------------------
indi:indi0501
code:14, 32, 0, 3, 9, 14, 14, 5, 11, 14, 14, 14
Acc:8.105551
----------------------------------------------------------------------------------------------------
indi:indi0502
code:2, 64, 1, 1, 2, 2, 2, 1, 2, 2, 2, 2
Acc:7.04057
----------------------------------------------------------------------------------------------------
indi:indi0503
code:10, 40, 0, 2, 6, 10, 10, 4, 8, 10, 10, 10
Acc:7.772537
----------------------------------------------------------------------------------------------------
indi:indi0504
code:6, 28, 2, 3, 6, 6, 6, 3, 3, 6, 6, 6
Acc:7.837562
----------------------------------------------------------------------------------------------------
indi:indi0505
code:7, 44, 0, 1, 4, 7, 7, 3, 5, 7, 7, 7
Acc:7.705285
----------------------------------------------------------------------------------------------------
indi:indi0506
code:7, 40, 0, 2, 4, 7, 7, 4, 5, 7, 7, 7
Acc:7.560329
----------------------------------------------------------------------------------------------------
indi:indi0507
code:3, 16, 2, 2, 3, 3, 3, 2, 2, 2, 3, 3
Acc:6.79069
----------------------------------------------------------------------------------------------------
indi:indi0508
code:6, 28, 3, 3, 6, 6, 6, 3, 5, 6, 6, 6
Acc:7.127706
----------------------------------------------------------------------------------------------------
indi:indi0509
code:6, 28, 3, 3, 6, 6, 6, 3, 3, 6, 6, 6
Acc:7.84132
----------------------------------------------------------------------------------------------------
indi:indi0600
code:7, 40, 0, 2, 5, 7, 7, 3, 5, 7, 7, 7
Acc:7.60101
----------------------------------------------------------------------------------------------------
indi:indi0601
code:6, 20, 3, 3, 6, 6, 6, 3, 3, 6, 6, 6
Acc:7.639609
----------------------------------------------------------------------------------------------------
indi:indi0602
code:4, 24, 2, 2, 4, 4, 4, 2, 2, 4, 4, 4
Acc:7.346435
----------------------------------------------------------------------------------------------------
indi:indi0603
code:5, 28, 2, 2, 5, 5, 5, 2, 2, 5, 5, 5
Acc:7.814247
----------------------------------------------------------------------------------------------------
indi:indi0604
code:7, 44, 0, 2, 6, 7, 7, 3, 5, 7, 7, 7
Acc:8.17044
----------------------------------------------------------------------------------------------------
indi:indi0605
code:2, 8, 1, 2, 2, 2, 2, 1, 1, 2, 2, 2
Acc:6.70716
----------------------------------------------------------------------------------------------------
indi:indi0606
code:3, 28, 2, 2, 3, 3, 3, 2, 2, 3, 3, 3
Acc:6.92355
----------------------------------------------------------------------------------------------------
indi:indi0607
code:10, 36, 0, 2, 8, 10, 10, 4, 8, 10, 10, 10
Acc:7.705914
----------------------------------------------------------------------------------------------------
indi:indi0608
code:7, 40, 0, 2, 6, 7, 7, 3, 6, 7, 7, 7
Acc:7.201346
----------------------------------------------------------------------------------------------------
indi:indi0609
code:7, 40, 0, 2, 6, 7, 7, 3, 5, 7, 7, 7
Acc:8.06904
----------------------------------------------------------------------------------------------------
indi:indi0700
code:14, 32, 0, 3, 10, 14, 14, 5, 11, 14, 14, 14
Acc:8.115409
----------------------------------------------------------------------------------------------------
indi:indi0701
code:7, 28, 0, 2, 6, 7, 7, 3, 5, 7, 7, 7
Acc:7.863883
----------------------------------------------------------------------------------------------------
indi:indi0702
code:5, 52, 3, 3, 5, 5, 5, 3, 5, 5, 5, 5
Acc:7.577828
----------------------------------------------------------------------------------------------------
indi:indi0703
code:6, 40, 0, 2, 5, 6, 6, 3, 4, 6, 6, 6
Acc:8.016886
----------------------------------------------------------------------------------------------------
indi:indi0704
code:12, 32, 0, 3, 8, 12, 12, 4, 9, 12, 12, 12
Acc:8.014516
----------------------------------------------------------------------------------------------------
indi:indi0705
code:4, 28, 2, 3, 4, 4, 4, 2, 2, 4, 4, 4
Acc:7.845159
----------------------------------------------------------------------------------------------------
indi:indi0706
code:4, 40, 0, 1, 3, 4, 4, 2, 3, 4, 4, 4
Acc:6.850904
----------------------------------------------------------------------------------------------------
indi:indi0707
code:21, 28, 0, 4, 13, 21, 21, 8, 17, 21, 21, 21
Acc:8.415477
----------------------------------------------------------------------------------------------------
indi:indi0708
code:14, 32, 0, 3, 9, 14, 14, 5, 13, 14, 14, 14
Acc:7.360215
----------------------------------------------------------------------------------------------------
indi:indi0709
code:14, 32, 0, 3, 12, 14, 14, 5, 11, 14, 14, 14
Acc:8.43187
----------------------------------------------------------------------------------------------------
indi:indi0800
code:21, 28, 0, 4, 10, 21, 21, 8, 17, 21, 21, 21
Acc:8.369148
----------------------------------------------------------------------------------------------------
indi:indi0801
code:7, 44, 0, 4, 6, 7, 7, 3, 5, 7, 7, 7
Acc:8.148707
----------------------------------------------------------------------------------------------------
indi:indi0802
code:4, 20, 2, 2, 4, 4, 4, 2, 2, 4, 4, 4
Acc:7.251016
----------------------------------------------------------------------------------------------------
indi:indi0803
code:7, 48, 0, 2, 6, 7, 7, 3, 5, 7, 7, 7
Acc:8.269555
----------------------------------------------------------------------------------------------------
indi:indi0804
code:21, 28, 4, 11, 13, 21, 21, 8, 17, 21, 21, 21
Acc:8.394384
----------------------------------------------------------------------------------------------------
indi:indi0805
code:14, 32, 0, 3, 10, 14, 14, 5, 11, 14, 14, 14
Acc:8.11541
----------------------------------------------------------------------------------------------------
indi:indi0806
code:4, 52, 0, 2, 3, 4, 4, 2, 2, 4, 4, 4
Acc:7.962696
----------------------------------------------------------------------------------------------------
indi:indi0807
code:14, 16, 0, 3, 9, 14, 14, 5, 9, 11, 14, 14
Acc:7.984656
----------------------------------------------------------------------------------------------------
indi:indi0808
code:18, 24, 0, 3, 11, 18, 18, 7, 13, 18, 18, 18
Acc:8.327309
----------------------------------------------------------------------------------------------------
indi:indi0809
code:16, 20, 3, 10, 16, 16, 16, 6, 13, 16, 16, 16
Acc:8.012922
----------------------------------------------------------------------------------------------------
indi:indi0900
code:21, 28, 0, 4, 10, 21, 21, 8, 17, 21, 21, 21
Acc:8.36915
----------------------------------------------------------------------------------------------------
indi:indi0901
code:21, 28, 4, 13, 19, 21, 21, 8, 17, 21, 21, 21
Acc:8.719089
----------------------------------------------------------------------------------------------------
indi:indi0902
code:9, 16, 0, 2, 6, 9, 9, 3, 6, 7, 9, 9
Acc:7.439259
----------------------------------------------------------------------------------------------------
indi:indi0903
code:18, 28, 3, 9, 11, 18, 18, 7, 15, 18, 18, 18
Acc:8.124803
----------------------------------------------------------------------------------------------------
indi:indi0904
code:21, 28, 4, 11, 13, 21, 21, 8, 17, 21, 21, 21
Acc:8.39438
----------------------------------------------------------------------------------------------------
indi:indi0905
code:21, 28, 0, 6, 10, 21, 21, 8, 17, 21, 21, 21
Acc:8.39761
----------------------------------------------------------------------------------------------------
indi:indi0906
code:14, 32, 3, 7, 9, 14, 14, 5, 11, 14, 14, 14
Acc:8.108219
----------------------------------------------------------------------------------------------------
indi:indi0907
code:14, 16, 0, 3, 9, 14, 14, 5, 9, 11, 14, 14
Acc:7.98466
----------------------------------------------------------------------------------------------------
indi:indi0908
code:18, 24, 0, 3, 11, 18, 18, 7, 13, 18, 18, 18
Acc:8.32731
----------------------------------------------------------------------------------------------------
indi:indi0909
code:16, 20, 3, 10, 16, 16, 16, 6, 13, 16, 16, 16
Acc:8.01292
----------------------------------------------------------------------------------------------------
indi:indi1000
code:14, 32, 0, 3, 10, 14, 14, 5, 11, 14, 14, 14
Acc:8.11541
----------------------------------------------------------------------------------------------------
indi:indi1001
code:21, 20, 0, 4, 13, 21, 21, 8, 17, 21, 21, 21
Acc:8.139018
----------------------------------------------------------------------------------------------------
indi:indi1002
code:14, 28, 0, 3, 9, 14, 14, 5, 11, 14, 14, 14
Acc:7.931635
----------------------------------------------------------------------------------------------------
indi:indi1003
code:17, 28, 0, 3, 11, 17, 17, 6, 14, 17, 17, 17
Acc:8.073308
----------------------------------------------------------------------------------------------------
indi:indi1004
code:12, 32, 0, 3, 10, 12, 12, 4, 9, 12, 12, 12
Acc:8.366948
----------------------------------------------------------------------------------------------------
indi:indi1005
code:16, 20, 4, 8, 16, 16, 16, 6, 13, 16, 16, 16
Acc:7.980458
----------------------------------------------------------------------------------------------------
indi:indi1006
code:12, 28, 0, 2, 7, 12, 12, 5, 10, 12, 12, 12
Acc:7.625589
----------------------------------------------------------------------------------------------------
indi:indi1007
code:21, 28, 0, 4, 18, 21, 21, 8, 17, 21, 21, 21
Acc:8.66174
----------------------------------------------------------------------------------------------------
indi:indi1008
code:14, 32, 0, 3, 12, 14, 14, 5, 13, 14, 14, 14
Acc:7.385821
----------------------------------------------------------------------------------------------------
indi:indi1009
code:14, 32, 0, 3, 12, 14, 14, 5, 11, 14, 14, 14
Acc:8.43187
----------------------------------------------------------------------------------------------------
indi:indi1100
code:21, 28, 0, 4, 10, 21, 21, 8, 17, 21, 21, 21
Acc:8.36915
----------------------------------------------------------------------------------------------------
indi:indi1101
code:14, 32, 0, 9, 12, 14, 14, 5, 11, 14, 14, 14
Acc:8.415375
----------------------------------------------------------------------------------------------------
indi:indi1102
code:9, 32, 0, 2, 6, 9, 9, 3, 7, 9, 9, 9
Acc:7.578327
----------------------------------------------------------------------------------------------------
indi:indi1103
code:12, 32, 0, 3, 10, 12, 12, 4, 9, 12, 12, 12
Acc:8.36695
----------------------------------------------------------------------------------------------------
indi:indi1104
code:21, 28, 4, 11, 18, 21, 21, 8, 17, 21, 21, 21
Acc:8.623176
----------------------------------------------------------------------------------------------------
indi:indi1105
code:14, 32, 0, 3, 12, 14, 14, 5, 11, 14, 14, 14
Acc:8.43187
----------------------------------------------------------------------------------------------------
indi:indi1106
code:10, 40, 0, 2, 8, 10, 10, 3, 8, 10, 10, 10
Acc:7.848691
----------------------------------------------------------------------------------------------------
indi:indi1107
code:14, 16, 0, 3, 11, 14, 14, 5, 9, 11, 14, 14
Acc:7.968068
----------------------------------------------------------------------------------------------------
indi:indi1108
code:18, 24, 0, 3, 15, 18, 18, 7, 13, 18, 18, 18
Acc:8.598313
----------------------------------------------------------------------------------------------------
indi:indi1109
code:16, 20, 3, 13, 16, 16, 16, 6, 13, 16, 16, 16
Acc:8.020486
----------------------------------------------------------------------------------------------------
indi:indi1200
code:21, 28, 0, 4, 10, 21, 21, 8, 17, 21, 21, 21
Acc:8.36915
----------------------------------------------------------------------------------------------------
indi:indi1201
code:21, 28, 4, 18, 19, 21, 21, 8, 17, 21, 21, 21
Acc:8.962254
----------------------------------------------------------------------------------------------------
indi:indi1202
code:11, 28, 2, 6, 7, 11, 11, 4, 9, 11, 11, 11
Acc:7.569525
----------------------------------------------------------------------------------------------------
indi:indi1203
code:18, 28, 3, 9, 15, 18, 18, 7, 15, 18, 18, 18
Acc:8.114452
----------------------------------------------------------------------------------------------------
indi:indi1204
code:21, 28, 4, 11, 18, 21, 21, 8, 17, 21, 21, 21
Acc:8.62318
----------------------------------------------------------------------------------------------------
indi:indi1205
code:18, 24, 0, 6, 15, 18, 18, 7, 13, 18, 18, 18
Acc:8.609789
----------------------------------------------------------------------------------------------------
indi:indi1206
code:14, 32, 3, 7, 11, 14, 14, 5, 11, 14, 14, 14
Acc:8.089708
----------------------------------------------------------------------------------------------------
indi:indi1207
code:14, 16, 0, 3, 11, 14, 14, 5, 9, 11, 14, 14
Acc:7.96807
----------------------------------------------------------------------------------------------------
indi:indi1208
code:18, 24, 0, 3, 15, 18, 18, 7, 13, 18, 18, 18
Acc:8.59831
----------------------------------------------------------------------------------------------------
indi:indi1209
code:16, 20, 3, 13, 16, 16, 16, 6, 13, 16, 16, 16
Acc:8.02049
----------------------------------------------------------------------------------------------------
indi:indi1300
code:21, 28, 4, 10, 13, 21, 21, 8, 17, 21, 21, 21
Acc:8.371964
----------------------------------------------------------------------------------------------------
indi:indi1301
code:21, 28, 0, 18, 19, 21, 21, 8, 17, 21, 21, 21
Acc:8.959205
----------------------------------------------------------------------------------------------------
indi:indi1302
code:11, 28, 2, 6, 7, 11, 11, 4, 9, 11, 11, 11
Acc:7.56952
----------------------------------------------------------------------------------------------------
indi:indi1303
code:18, 28, 0, 3, 15, 18, 18, 7, 15, 18, 18, 18
Acc:8.14161
----------------------------------------------------------------------------------------------------
indi:indi1304
code:21, 28, 11, 13, 19, 21, 21, 8, 17, 21, 21, 21
Acc:8.677241
----------------------------------------------------------------------------------------------------
indi:indi1305
code:21, 28, 4, 6, 18, 21, 21, 8, 17, 21, 21, 21
Acc:8.665627
----------------------------------------------------------------------------------------------------
indi:indi1306
code:14, 32, 0, 3, 11, 14, 14, 5, 11, 14, 14, 14
Acc:8.120092
----------------------------------------------------------------------------------------------------
indi:indi1307
code:14, 16, 3, 9, 12, 14, 14, 5, 9, 11, 14, 14
Acc:8.306224
----------------------------------------------------------------------------------------------------
indi:indi1308
code:18, 24, 3, 11, 16, 18, 18, 7, 13, 18, 18, 18
Acc:8.644642
----------------------------------------------------------------------------------------------------
indi:indi1309
code:16, 20, 10, 14, 16, 16, 16, 6, 13, 16, 16, 16
Acc:8.344972
----------------------------------------------------------------------------------------------------
indi:indi1400
code:21, 28, 0, 10, 18, 21, 21, 8, 17, 21, 21, 21
Acc:8.61814
----------------------------------------------------------------------------------------------------
indi:indi1401
code:21, 28, 4, 19, 19, 21, 21, 8, 17, 21, 21, 21
Acc:9.008759
----------------------------------------------------------------------------------------------------
indi:indi1402
code:10, 20, 6, 9, 10, 10, 10, 4, 8, 10, 10, 10
Acc:7.992391
----------------------------------------------------------------------------------------------------
indi:indi1403
code:18, 28, 3, 11, 16, 18, 18, 7, 15, 18, 18, 18
Acc:8.424307
----------------------------------------------------------------------------------------------------
indi:indi1404
code:21, 28, 11, 18, 19, 21, 21, 8, 17, 21, 21, 21
Acc:8.902521
----------------------------------------------------------------------------------------------------
indi:indi1405
code:21, 28, 6, 11, 19, 21, 21, 8, 17, 21, 21, 21
Acc:8.716845
----------------------------------------------------------------------------------------------------
indi:indi1406
code:14, 32, 3, 9, 12, 14, 14, 5, 11, 14, 14, 14
Acc:8.400444
----------------------------------------------------------------------------------------------------
indi:indi1407
code:14, 16, 0, 11, 12, 14, 14, 5, 9, 11, 14, 14
Acc:8.305484
----------------------------------------------------------------------------------------------------
indi:indi1408
code:18, 24, 0, 15, 16, 18, 18, 7, 13, 18, 18, 18
Acc:8.882572
----------------------------------------------------------------------------------------------------
indi:indi1409
code:16, 20, 13, 14, 16, 16, 16, 6, 13, 16, 16, 16
Acc:8.364094
----------------------------------------------------------------------------------------------------
indi:indi1500
code:21, 28, 4, 10, 18, 21, 21, 8, 17, 21, 21, 21
Acc:8.612807
----------------------------------------------------------------------------------------------------
indi:indi1501
code:21, 28, 0, 19, 19, 21, 21, 8, 17, 21, 21, 21
Acc:9.017577
----------------------------------------------------------------------------------------------------
indi:indi1502
code:13, 28, 2, 6, 8, 13, 13, 5, 11, 13, 13, 13
Acc:7.617791
----------------------------------------------------------------------------------------------------
indi:indi1503
code:18, 28, 0, 15, 16, 18, 18, 7, 15, 18, 18, 18
Acc:8.431751
----------------------------------------------------------------------------------------------------
indi:indi1504
code:21, 28, 11, 18, 19, 21, 21, 8, 17, 21, 21, 21
Acc:8.90252
----------------------------------------------------------------------------------------------------
indi:indi1505
code:21, 28, 6, 11, 19, 21, 21, 8, 17, 21, 21, 21
Acc:8.71684
----------------------------------------------------------------------------------------------------
indi:indi1506
code:14, 32, 0, 11, 12, 14, 14, 5, 11, 14, 14, 14
Acc:8.42172
----------------------------------------------------------------------------------------------------
indi:indi1507
code:14, 16, 3, 11, 12, 14, 14, 5, 9, 11, 14, 14
Acc:8.302314
----------------------------------------------------------------------------------------------------
indi:indi1508
code:18, 24, 3, 15, 16, 18, 18, 7, 13, 18, 18, 18
Acc:8.875236
----------------------------------------------------------------------------------------------------
indi:indi1509
code:16, 20, 13, 14, 16, 16, 16, 6, 13, 16, 16, 16
Acc:8.36409
----------------------------------------------------------------------------------------------------
indi:indi1600
code:21, 28, 4, 10, 19, 21, 21, 8, 17, 21, 21, 21
Acc:8.726772
----------------------------------------------------------------------------------------------------
indi:indi1601
code:21, 28, 4, 19, 19, 21, 21, 8, 17, 21, 21, 21
Acc:9.00876
----------------------------------------------------------------------------------------------------
indi:indi1602
code:11, 28, 2, 7, 10, 11, 11, 4, 9, 11, 11, 11
Acc:8.018524
----------------------------------------------------------------------------------------------------
indi:indi1603
code:18, 28, 3, 15, 16, 18, 18, 7, 15, 18, 18, 18
Acc:8.440017
----------------------------------------------------------------------------------------------------
indi:indi1604
code:21, 28, 11, 19, 19, 21, 21, 8, 17, 21, 21, 21
Acc:8.972206
----------------------------------------------------------------------------------------------------
indi:indi1605
code:21, 28, 0, 6, 19, 21, 21, 8, 17, 21, 21, 21
Acc:8.750927
----------------------------------------------------------------------------------------------------
indi:indi1606
code:14, 32, 3, 11, 12, 14, 14, 5, 11, 14, 14, 14
Acc:8.407079
----------------------------------------------------------------------------------------------------
indi:indi1607
code:14, 16, 3, 12, 12, 14, 14, 5, 9, 11, 14, 14
Acc:8.63384
----------------------------------------------------------------------------------------------------
indi:indi1608
code:18, 24, 3, 16, 16, 18, 18, 7, 13, 18, 18, 18
Acc:8.921789
----------------------------------------------------------------------------------------------------
indi:indi1609
code:16, 20, 14, 14, 16, 16, 16, 6, 13, 16, 16, 16
Acc:8.710316
----------------------------------------------------------------------------------------------------
indi:indi1700
code:21, 28, 4, 10, 19, 21, 21, 8, 17, 21, 21, 21
Acc:8.72677
----------------------------------------------------------------------------------------------------
indi:indi1701
code:21, 28, 4, 19, 19, 21, 21, 8, 17, 21, 21, 21
Acc:9.00876
----------------------------------------------------------------------------------------------------
indi:indi1702
code:13, 28, 0, 6, 11, 13, 13, 5, 11, 13, 13, 13
Acc:7.642692
----------------------------------------------------------------------------------------------------
indi:indi1703
code:18, 28, 3, 16, 16, 18, 18, 7, 15, 18, 18, 18
Acc:8.728267
----------------------------------------------------------------------------------------------------
indi:indi1704
code:21, 28, 11, 19, 19, 21, 21, 8, 17, 21, 21, 21
Acc:8.97221
----------------------------------------------------------------------------------------------------
indi:indi1705
code:21, 28, 6, 11, 19, 21, 21, 8, 17, 21, 21, 21
Acc:8.71684
----------------------------------------------------------------------------------------------------
indi:indi1706
code:14, 32, 3, 12, 12, 14, 14, 5, 11, 14, 14, 14
Acc:8.702372
----------------------------------------------------------------------------------------------------
indi:indi1707
code:14, 16, 3, 12, 12, 14, 14, 5, 9, 11, 14, 14
Acc:8.63384
----------------------------------------------------------------------------------------------------
indi:indi1708
code:18, 24, 3, 16, 16, 18, 18, 7, 13, 18, 18, 18
Acc:8.92179
----------------------------------------------------------------------------------------------------
indi:indi1709
code:16, 20, 14, 14, 16, 16, 16, 6, 13, 16, 16, 16
Acc:8.71032
----------------------------------------------------------------------------------------------------
indi:indi1800
code:21, 28, 4, 10, 19, 21, 21, 8, 17, 21, 21, 21
Acc:8.72677
----------------------------------------------------------------------------------------------------
indi:indi1801
code:21, 28, 4, 19, 19, 21, 21, 8, 17, 21, 21, 21
Acc:9.00876
----------------------------------------------------------------------------------------------------
indi:indi1802
code:10, 20, 9, 9, 10, 10, 10, 4, 8, 10, 10, 10
Acc:8.45528
----------------------------------------------------------------------------------------------------
indi:indi1803
code:18, 28, 3, 16, 16, 18, 18, 7, 15, 18, 18, 18
Acc:8.72827
----------------------------------------------------------------------------------------------------
indi:indi1804
code:21, 28, 11, 19, 19, 21, 21, 8, 17, 21, 21, 21
Acc:8.97221
----------------------------------------------------------------------------------------------------
indi:indi1805
code:21, 28, 4, 6, 19, 21, 21, 8, 17, 21, 21, 21
Acc:8.766274
----------------------------------------------------------------------------------------------------
indi:indi1806
code:14, 32, 3, 12, 12, 14, 14, 5, 11, 14, 14, 14
Acc:8.70237
----------------------------------------------------------------------------------------------------
indi:indi1807
code:14, 16, 3, 12, 12, 14, 14, 5, 9, 11, 14, 14
Acc:8.63384
----------------------------------------------------------------------------------------------------
indi:indi1808
code:18, 24, 3, 16, 16, 18, 18, 7, 13, 18, 18, 18
Acc:8.92179
----------------------------------------------------------------------------------------------------
indi:indi1809
code:16, 20, 14, 14, 16, 16, 16, 6, 13, 16, 16, 16
Acc:8.71032
----------------------------------------------------------------------------------------------------
indi:indi1900
code:21, 28, 4, 10, 19, 21, 21, 8, 17, 21, 21, 21
Acc:8.72677
----------------------------------------------------------------------------------------------------
indi:indi1901
code:21, 28, 4, 19, 19, 21, 21, 8, 17, 21, 21, 21
Acc:9.00876
----------------------------------------------------------------------------------------------------
indi:indi1902
code:13, 28, 2, 6, 12, 13, 13, 5, 11, 13, 13, 13
Acc:8.080267
----------------------------------------------------------------------------------------------------
indi:indi1903
code:18, 28, 3, 16, 16, 18, 18, 7, 15, 18, 18, 18
Acc:8.72827
----------------------------------------------------------------------------------------------------
indi:indi1904
code:21, 28, 11, 19, 19, 21, 21, 8, 17, 21, 21, 21
Acc:8.97221
----------------------------------------------------------------------------------------------------
indi:indi1905
code:21, 28, 4, 6, 19, 21, 21, 8, 17, 21, 21, 21
Acc:8.76627
----------------------------------------------------------------------------------------------------
indi:indi1906
code:14, 32, 3, 12, 12, 14, 14, 5, 11, 14, 14, 14
Acc:8.70237
----------------------------------------------------------------------------------------------------
indi:indi1907
code:14, 16, 3, 12, 12, 14, 14, 5, 9, 11, 14, 14
Acc:8.63384
----------------------------------------------------------------------------------------------------
indi:indi1908
code:18, 24, 3, 16, 16, 18, 18, 7, 13, 18, 18, 18
Acc:8.92179
----------------------------------------------------------------------------------------------------
indi:indi1909
code:16, 20, 14, 14, 16, 16, 16, 6, 13, 16, 16, 16
Acc:8.71032
----------------------------------------------------------------------------------------------------
