indi:indi0200
code:4, 28, 2, 2, 4, 4, 4, 2, 2, 4, 4, 4
Acc:-1.0
----------------------------------------------------------------------------------------------------
indi:indi0201
code:7, 40, 0, 2, 4, 7, 7, 3, 5, 7, 7, 7
Acc:-1.0
----------------------------------------------------------------------------------------------------
indi:indi0202
code:2, 16, 0, 1, 2, 2, 2, 1, 1, 1, 2, 2
Acc:-1.0
----------------------------------------------------------------------------------------------------
indi:indi0203
code:5, 52, 0, 1, 3, 5, 5, 2, 4, 5, 5, 5
Acc:-1.0
----------------------------------------------------------------------------------------------------
indi:indi0204
code:4, 28, 2, 2, 4, 4, 4, 2, 2, 4, 4, 4
Acc:-1.0
----------------------------------------------------------------------------------------------------
indi:indi0205
code:2, 64, 0, 1, 2, 2, 2, 1, 2, 2, 2, 2
Acc:-1.0
----------------------------------------------------------------------------------------------------
indi:indi0206
code:3, 64, 0, 1, 2, 3, 3, 2, 2, 3, 3, 3
Acc:-1.0
----------------------------------------------------------------------------------------------------
indi:indi0207
code:2, 16, 1, 1, 2, 2, 2, 1, 1, 1, 2, 2
Acc:-1.0
----------------------------------------------------------------------------------------------------
indi:indi0208
code:4, 28, 2, 2, 4, 4, 4, 2, 3, 4, 4, 4
Acc:-1.0
----------------------------------------------------------------------------------------------------
indi:indi0209
code:2, 8, 1, 2, 2, 2, 2, 1, 1, 2, 2, 2
Acc:-1.0
----------------------------------------------------------------------------------------------------