indi:indi0900
code:21, 28, 0, 4, 10, 21, 21, 8, 17, 21, 21, 21
Acc:-1.0
----------------------------------------------------------------------------------------------------
indi:indi0901
code:21, 28, 4, 13, 19, 21, 21, 8, 17, 21, 21, 21
Acc:-1.0
----------------------------------------------------------------------------------------------------
indi:indi0902
code:9, 16, 0, 2, 6, 9, 9, 3, 6, 7, 9, 9
Acc:-1.0
----------------------------------------------------------------------------------------------------
indi:indi0903
code:18, 28, 3, 9, 11, 18, 18, 7, 15, 18, 18, 18
Acc:-1.0
----------------------------------------------------------------------------------------------------
indi:indi0904
code:21, 28, 4, 11, 13, 21, 21, 8, 17, 21, 21, 21
Acc:-1.0
----------------------------------------------------------------------------------------------------
indi:indi0905
code:21, 28, 0, 6, 10, 21, 21, 8, 17, 21, 21, 21
Acc:-1.0
----------------------------------------------------------------------------------------------------
indi:indi0906
code:14, 32, 3, 7, 9, 14, 14, 5, 11, 14, 14, 14
Acc:-1.0
----------------------------------------------------------------------------------------------------
indi:indi0907
code:14, 16, 0, 3, 9, 14, 14, 5, 9, 11, 14, 14
Acc:-1.0
----------------------------------------------------------------------------------------------------
indi:indi0908
code:18, 24, 0, 3, 11, 18, 18, 7, 13, 18, 18, 18
Acc:-1.0
----------------------------------------------------------------------------------------------------
indi:indi0909
code:16, 20, 3, 10, 16, 16, 16, 6, 13, 16, 16, 16
Acc:-1.0
----------------------------------------------------------------------------------------------------