indi:indi1200
code:21, 28, 0, 4, 10, 21, 21, 8, 17, 21, 21, 21
Acc:-1.0
----------------------------------------------------------------------------------------------------
indi:indi1201
code:21, 28, 4, 18, 19, 21, 21, 8, 17, 21, 21, 21
Acc:-1.0
----------------------------------------------------------------------------------------------------
indi:indi1202
code:11, 28, 2, 6, 7, 11, 11, 4, 9, 11, 11, 11
Acc:-1.0
----------------------------------------------------------------------------------------------------
indi:indi1203
code:18, 28, 3, 9, 15, 18, 18, 7, 15, 18, 18, 18
Acc:-1.0
----------------------------------------------------------------------------------------------------
indi:indi1204
code:21, 28, 4, 11, 18, 21, 21, 8, 17, 21, 21, 21
Acc:-1.0
----------------------------------------------------------------------------------------------------
indi:indi1205
code:18, 24, 0, 6, 15, 18, 18, 7, 13, 18, 18, 18
Acc:-1.0
----------------------------------------------------------------------------------------------------
indi:indi1206
code:14, 32, 3, 7, 11, 14, 14, 5, 11, 14, 14, 14
Acc:-1.0
----------------------------------------------------------------------------------------------------
indi:indi1207
code:14, 16, 0, 3, 11, 14, 14, 5, 9, 11, 14, 14
Acc:-1.0
----------------------------------------------------------------------------------------------------
indi:indi1208
code:18, 24, 0, 3, 15, 18, 18, 7, 13, 18, 18, 18
Acc:-1.0
----------------------------------------------------------------------------------------------------
indi:indi1209
code:16, 20, 3, 13, 16, 16, 16, 6, 13, 16, 16, 16
Acc:-1.0
----------------------------------------------------------------------------------------------------