indi:indi1800
code:21, 28, 4, 10, 19, 21, 21, 8, 17, 21, 21, 21
Acc:-1.0
----------------------------------------------------------------------------------------------------
indi:indi1801
code:21, 28, 4, 19, 19, 21, 21, 8, 17, 21, 21, 21
Acc:-1.0
----------------------------------------------------------------------------------------------------
indi:indi1802
code:10, 20, 9, 9, 10, 10, 10, 4, 8, 10, 10, 10
Acc:-1.0
----------------------------------------------------------------------------------------------------
indi:indi1803
code:18, 28, 3, 16, 16, 18, 18, 7, 15, 18, 18, 18
Acc:-1.0
----------------------------------------------------------------------------------------------------
indi:indi1804
code:21, 28, 11, 19, 19, 21, 21, 8, 17, 21, 21, 21
Acc:-1.0
----------------------------------------------------------------------------------------------------
indi:indi1805
code:21, 28, 4, 6, 19, 21, 21, 8, 17, 21, 21, 21
Acc:-1.0
----------------------------------------------------------------------------------------------------
indi:indi1806
code:14, 32, 3, 12, 12, 14, 14, 5, 11, 14, 14, 14
Acc:-1.0
----------------------------------------------------------------------------------------------------
indi:indi1807
code:14, 16, 3, 12, 12, 14, 14, 5, 9, 11, 14, 14
Acc:-1.0
----------------------------------------------------------------------------------------------------
indi:indi1808
code:18, 24, 3, 16, 16, 18, 18, 7, 13, 18, 18, 18
Acc:-1.0
----------------------------------------------------------------------------------------------------
indi:indi1809
code:16, 20, 14, 14, 16, 16, 16, 6, 13, 16, 16, 16
Acc:-1.0
----------------------------------------------------------------------------------------------------