indi:indi0600
code:7, 40, 0, 2, 5, 7, 7, 3, 5, 7, 7, 7
Acc:-1.0
----------------------------------------------------------------------------------------------------
indi:indi0601
code:6, 20, 3, 3, 6, 6, 6, 3, 3, 6, 6, 6
Acc:-1.0
----------------------------------------------------------------------------------------------------
indi:indi0602
code:4, 24, 2, 2, 4, 4, 4, 2, 2, 4, 4, 4
Acc:-1.0
----------------------------------------------------------------------------------------------------
indi:indi0603
code:5, 28, 2, 2, 5, 5, 5, 2, 2, 5, 5, 5
Acc:-1.0
----------------------------------------------------------------------------------------------------
indi:indi0604
code:7, 44, 0, 2, 6, 7, 7, 3, 5, 7, 7, 7
Acc:-1.0
----------------------------------------------------------------------------------------------------
indi:indi0605
code:2, 8, 1, 2, 2, 2, 2, 1, 1, 2, 2, 2
Acc:-1.0
----------------------------------------------------------------------------------------------------
indi:indi0606
code:3, 28, 2, 2, 3, 3, 3, 2, 2, 3, 3, 3
Acc:-1.0
----------------------------------------------------------------------------------------------------
indi:indi0607
code:10, 36, 0, 2, 8, 10, 10, 4, 8, 10, 10, 10
Acc:-1.0
----------------------------------------------------------------------------------------------------
indi:indi0608
code:7, 40, 0, 2, 6, 7, 7, 3, 6, 7, 7, 7
Acc:-1.0
----------------------------------------------------------------------------------------------------
indi:indi0609
code:7, 40, 0, 2, 6, 7, 7, 3, 5, 7, 7, 7
Acc:-1.0
----------------------------------------------------------------------------------------------------