indi:indi1500
code:21, 28, 4, 10, 18, 21, 21, 8, 17, 21, 21, 21
Acc:-1.0
----------------------------------------------------------------------------------------------------
indi:indi1501
code:21, 28, 0, 19, 19, 21, 21, 8, 17, 21, 21, 21
Acc:-1.0
----------------------------------------------------------------------------------------------------
indi:indi1502
code:13, 28, 2, 6, 8, 13, 13, 5, 11, 13, 13, 13
Acc:-1.0
----------------------------------------------------------------------------------------------------
indi:indi1503
code:18, 28, 0, 15, 16, 18, 18, 7, 15, 18, 18, 18
Acc:-1.0
----------------------------------------------------------------------------------------------------
indi:indi1504
code:21, 28, 11, 18, 19, 21, 21, 8, 17, 21, 21, 21
Acc:-1.0
----------------------------------------------------------------------------------------------------
indi:indi1505
code:21, 28, 6, 11, 19, 21, 21, 8, 17, 21, 21, 21
Acc:-1.0
----------------------------------------------------------------------------------------------------
indi:indi1506
code:14, 32, 0, 11, 12, 14, 14, 5, 11, 14, 14, 14
Acc:-1.0
----------------------------------------------------------------------------------------------------
indi:indi1507
code:14, 16, 3, 11, 12, 14, 14, 5, 9, 11, 14, 14
Acc:-1.0
----------------------------------------------------------------------------------------------------
indi:indi1508
code:18, 24, 3, 15, 16, 18, 18, 7, 13, 18, 18, 18
Acc:-1.0
----------------------------------------------------------------------------------------------------
indi:indi1509
code:16, 20, 13, 14, 16, 16, 16, 6, 13, 16, 16, 16
Acc:-1.0
----------------------------------------------------------------------------------------------------