indi:indi0800
code:21, 28, 0, 4, 10, 21, 21, 8, 17, 21, 21, 21
Acc:-1.0
----------------------------------------------------------------------------------------------------
indi:indi0801
code:7, 44, 0, 4, 6, 7, 7, 3, 5, 7, 7, 7
Acc:-1.0
----------------------------------------------------------------------------------------------------
indi:indi0802
code:4, 20, 2, 2, 4, 4, 4, 2, 2, 4, 4, 4
Acc:-1.0
----------------------------------------------------------------------------------------------------
indi:indi0803
code:7, 48, 0, 2, 6, 7, 7, 3, 5, 7, 7, 7
Acc:-1.0
----------------------------------------------------------------------------------------------------
indi:indi0804
code:21, 28, 4, 11, 13, 21, 21, 8, 17, 21, 21, 21
Acc:-1.0
----------------------------------------------------------------------------------------------------
indi:indi0805
code:14, 32, 0, 3, 10, 14, 14, 5, 11, 14, 14, 14
Acc:-1.0
----------------------------------------------------------------------------------------------------
indi:indi0806
code:4, 52, 0, 2, 3, 4, 4, 2, 2, 4, 4, 4
Acc:-1.0
----------------------------------------------------------------------------------------------------
indi:indi0807
code:14, 16, 0, 3, 9, 14, 14, 5, 9, 11, 14, 14
Acc:-1.0
----------------------------------------------------------------------------------------------------
indi:indi0808
code:18, 24, 0, 3, 11, 18, 18, 7, 13, 18, 18, 18
Acc:-1.0
----------------------------------------------------------------------------------------------------
indi:indi0809
code:16, 20, 3, 10, 16, 16, 16, 6, 13, 16, 16, 16
Acc:-1.0
----------------------------------------------------------------------------------------------------