indi:indi0100
code:3, 32, 0, 0, 0, 2, 3, 1, 2, 2, 3, 3
Acc:-1.0
----------------------------------------------------------------------------------------------------
indi:indi0101
code:3, 32, 0, 2, 3, 3, 3, 2, 2, 3, 3, 3
Acc:-1.0
----------------------------------------------------------------------------------------------------
indi:indi0102
code:5, 56, 3, 3, 5, 5, 5, 3, 5, 5, 5, 5
Acc:-1.0
----------------------------------------------------------------------------------------------------
indi:indi0103
code:2, 16, 0, 1, 2, 2, 2, 0, 1, 1, 2, 2
Acc:-1.0
----------------------------------------------------------------------------------------------------
indi:indi0104
code:4, 28, 2, 2, 4, 4, 4, 2, 2, 4, 4, 4
Acc:-1.0
----------------------------------------------------------------------------------------------------
indi:indi0105
code:2, 16, 0, 1, 2, 2, 2, 1, 1, 1, 2, 2
Acc:-1.0
----------------------------------------------------------------------------------------------------
indi:indi0106
code:3, 36, 0, 0, 2, 3, 3, 1, 2, 2, 3, 3
Acc:-1.0
----------------------------------------------------------------------------------------------------
indi:indi0107
code:2, 16, 1, 1, 2, 2, 2, 1, 1, 1, 2, 2
Acc:-1.0
----------------------------------------------------------------------------------------------------
indi:indi0108
code:2, 32, 0, 0, 2, 2, 2, 1, 1, 2, 2, 2
Acc:-1.0
----------------------------------------------------------------------------------------------------
indi:indi0109
code:2, 64, 1, 1, 2, 2, 2, 1, 2, 2, 2, 2
Acc:-1.0
----------------------------------------------------------------------------------------------------