indi:indi1900
code:21, 28, 4, 10, 19, 21, 21, 8, 17, 21, 21, 21
Acc:-1.0
----------------------------------------------------------------------------------------------------
indi:indi1901
code:21, 28, 4, 19, 19, 21, 21, 8, 17, 21, 21, 21
Acc:-1.0
----------------------------------------------------------------------------------------------------
indi:indi1902
code:13, 28, 2, 6, 12, 13, 13, 5, 11, 13, 13, 13
Acc:-1.0
----------------------------------------------------------------------------------------------------
indi:indi1903
code:18, 28, 3, 16, 16, 18, 18, 7, 15, 18, 18, 18
Acc:-1.0
----------------------------------------------------------------------------------------------------
indi:indi1904
code:21, 28, 11, 19, 19, 21, 21, 8, 17, 21, 21, 21
Acc:-1.0
----------------------------------------------------------------------------------------------------
indi:indi1905
code:21, 28, 4, 6, 19, 21, 21, 8, 17, 21, 21, 21
Acc:-1.0
----------------------------------------------------------------------------------------------------
indi:indi1906
code:14, 32, 3, 12, 12, 14, 14, 5, 11, 14, 14, 14
Acc:-1.0
----------------------------------------------------------------------------------------------------
indi:indi1907
code:14, 16, 3, 12, 12, 14, 14, 5, 9, 11, 14, 14
Acc:-1.0
----------------------------------------------------------------------------------------------------
indi:indi1908
code:18, 24, 3, 16, 16, 18, 18, 7, 13, 18, 18, 18
Acc:-1.0
----------------------------------------------------------------------------------------------------
indi:indi1909
code:16, 20, 14, 14, 16, 16, 16, 6, 13, 16, 16, 16
Acc:-1.0
----------------------------------------------------------------------------------------------------