indi:indi1600
code:21, 28, 4, 10, 19, 21, 21, 8, 17, 21, 21, 21
Acc:-1.0
----------------------------------------------------------------------------------------------------
indi:indi1601
code:21, 28, 4, 19, 19, 21, 21, 8, 17, 21, 21, 21
Acc:-1.0
----------------------------------------------------------------------------------------------------
indi:indi1602
code:11, 28, 2, 7, 10, 11, 11, 4, 9, 11, 11, 11
Acc:-1.0
----------------------------------------------------------------------------------------------------
indi:indi1603
code:18, 28, 3, 15, 16, 18, 18, 7, 15, 18, 18, 18
Acc:-1.0
----------------------------------------------------------------------------------------------------
indi:indi1604
code:21, 28, 11, 19, 19, 21, 21, 8, 17, 21, 21, 21
Acc:-1.0
----------------------------------------------------------------------------------------------------
indi:indi1605
code:21, 28, 0, 6, 19, 21, 21, 8, 17, 21, 21, 21
Acc:-1.0
----------------------------------------------------------------------------------------------------
indi:indi1606
code:14, 32, 3, 11, 12, 14, 14, 5, 11, 14, 14, 14
Acc:-1.0
----------------------------------------------------------------------------------------------------
indi:indi1607
code:14, 16, 3, 12, 12, 14, 14, 5, 9, 11, 14, 14
Acc:-1.0
----------------------------------------------------------------------------------------------------
indi:indi1608
code:18, 24, 3, 16, 16, 18, 18, 7, 13, 18, 18, 18
Acc:-1.0
----------------------------------------------------------------------------------------------------
indi:indi1609
code:16, 20, 14, 14, 16, 16, 16, 6, 13, 16, 16, 16
Acc:-1.0
----------------------------------------------------------------------------------------------------