indi:indi1300
code:21, 28, 4, 10, 13, 21, 21, 8, 17, 21, 21, 21
Acc:-1.0
----------------------------------------------------------------------------------------------------
indi:indi1301
code:21, 28, 0, 18, 19, 21, 21, 8, 17, 21, 21, 21
Acc:-1.0
----------------------------------------------------------------------------------------------------
indi:indi1302
code:11, 28, 2, 6, 7, 11, 11, 4, 9, 11, 11, 11
Acc:-1.0
----------------------------------------------------------------------------------------------------
indi:indi1303
code:18, 28, 0, 3, 15, 18, 18, 7, 15, 18, 18, 18
Acc:-1.0
----------------------------------------------------------------------------------------------------
indi:indi1304
code:21, 28, 11, 13, 19, 21, 21, 8, 17, 21, 21, 21
Acc:-1.0
----------------------------------------------------------------------------------------------------
indi:indi1305
code:21, 28, 4, 6, 18, 21, 21, 8, 17, 21, 21, 21
Acc:-1.0
----------------------------------------------------------------------------------------------------
indi:indi1306
code:14, 32, 0, 3, 11, 14, 14, 5, 11, 14, 14, 14
Acc:-1.0
----------------------------------------------------------------------------------------------------
indi:indi1307
code:14, 16, 3, 9, 12, 14, 14, 5, 9, 11, 14, 14
Acc:-1.0
----------------------------------------------------------------------------------------------------
indi:indi1308
code:18, 24, 3, 11, 16, 18, 18, 7, 13, 18, 18, 18
Acc:-1.0
----------------------------------------------------------------------------------------------------
indi:indi1309
code:16, 20, 10, 14, 16, 16, 16, 6, 13, 16, 16, 16
Acc:-1.0
----------------------------------------------------------------------------------------------------