indi:indi1000
code:14, 32, 0, 3, 10, 14, 14, 5, 11, 14, 14, 14
Acc:-1.0
----------------------------------------------------------------------------------------------------
indi:indi1001
code:21, 20, 0, 4, 13, 21, 21, 8, 17, 21, 21, 21
Acc:-1.0
----------------------------------------------------------------------------------------------------
indi:indi1002
code:14, 28, 0, 3, 9, 14, 14, 5, 11, 14, 14, 14
Acc:-1.0
----------------------------------------------------------------------------------------------------
indi:indi1003
code:17, 28, 0, 3, 11, 17, 17, 6, 14, 17, 17, 17
Acc:-1.0
----------------------------------------------------------------------------------------------------
indi:indi1004
code:12, 32, 0, 3, 10, 12, 12, 4, 9, 12, 12, 12
Acc:-1.0
----------------------------------------------------------------------------------------------------
indi:indi1005
code:16, 20, 4, 8, 16, 16, 16, 6, 13, 16, 16, 16
Acc:-1.0
----------------------------------------------------------------------------------------------------
indi:indi1006
code:12, 28, 0, 2, 7, 12, 12, 5, 10, 12, 12, 12
Acc:-1.0
----------------------------------------------------------------------------------------------------
indi:indi1007
code:21, 28, 0, 4, 18, 21, 21, 8, 17, 21, 21, 21
Acc:-1.0
----------------------------------------------------------------------------------------------------
indi:indi1008
code:14, 32, 0, 3, 12, 14, 14, 5, 13, 14, 14, 14
Acc:-1.0
----------------------------------------------------------------------------------------------------
indi:indi1009
code:14, 32, 0, 3, 12, 14, 14, 5, 11, 14, 14, 14
Acc:-1.0
----------------------------------------------------------------------------------------------------