indi:indi1100
code:21, 28, 0, 4, 10, 21, 21, 8, 17, 21, 21, 21
Acc:-1.0
----------------------------------------------------------------------------------------------------
indi:indi1101
code:14, 32, 0, 9, 12, 14, 14, 5, 11, 14, 14, 14
Acc:-1.0
----------------------------------------------------------------------------------------------------
indi:indi1102
code:9, 32, 0, 2, 6, 9, 9, 3, 7, 9, 9, 9
Acc:-1.0
----------------------------------------------------------------------------------------------------
indi:indi1103
code:12, 32, 0, 3, 10, 12, 12, 4, 9, 12, 12, 12
Acc:-1.0
----------------------------------------------------------------------------------------------------
indi:indi1104
code:21, 28, 4, 11, 18, 21, 21, 8, 17, 21, 21, 21
Acc:-1.0
----------------------------------------------------------------------------------------------------
indi:indi1105
code:14, 32, 0, 3, 12, 14, 14, 5, 11, 14, 14, 14
Acc:-1.0
----------------------------------------------------------------------------------------------------
indi:indi1106
code:10, 40, 0, 2, 8, 10, 10, 3, 8, 10, 10, 10
Acc:-1.0
----------------------------------------------------------------------------------------------------
indi:indi1107
code:14, 16, 0, 3, 11, 14, 14, 5, 9, 11, 14, 14
Acc:-1.0
----------------------------------------------------------------------------------------------------
indi:indi1108
code:18, 24, 0, 3, 15, 18, 18, 7, 13, 18, 18, 18
Acc:-1.0
----------------------------------------------------------------------------------------------------
indi:indi1109
code:16, 20, 3, 13, 16, 16, 16, 6, 13, 16, 16, 16
Acc:-1.0
----------------------------------------------------------------------------------------------------