indi:indi0400
code:7, 40, 0, 2, 5, 7, 7, 3, 5, 7, 7, 7
Acc:-1.0
----------------------------------------------------------------------------------------------------
indi:indi0401
code:5, 40, 3, 3, 5, 5, 5, 3, 5, 5, 5, 5
Acc:-1.0
----------------------------------------------------------------------------------------------------
indi:indi0402
code:2, 32, 1, 1, 2, 2, 2, 1, 1, 2, 2, 2
Acc:-1.0
----------------------------------------------------------------------------------------------------
indi:indi0403
code:4, 56, 2, 2, 4, 4, 4, 2, 4, 4, 4, 4
Acc:-1.0
----------------------------------------------------------------------------------------------------
indi:indi0404
code:7, 44, 0, 2, 4, 7, 7, 3, 5, 7, 7, 7
Acc:-1.0
----------------------------------------------------------------------------------------------------
indi:indi0405
code:2, 16, 1, 2, 2, 2, 2, 1, 2, 2, 2, 2
Acc:-1.0
----------------------------------------------------------------------------------------------------
indi:indi0406
code:3, 56, 2, 2, 3, 3, 3, 2, 3, 3, 3, 3
Acc:-1.0
----------------------------------------------------------------------------------------------------
indi:indi0407
code:10, 36, 0, 2, 6, 10, 10, 4, 8, 10, 10, 10
Acc:-1.0
----------------------------------------------------------------------------------------------------
indi:indi0408
code:7, 40, 0, 2, 4, 7, 7, 3, 6, 7, 7, 7
Acc:-1.0
----------------------------------------------------------------------------------------------------
indi:indi0409
code:7, 40, 0, 2, 6, 7, 7, 3, 5, 7, 7, 7
Acc:-1.0
----------------------------------------------------------------------------------------------------