indi:indi0500
code:6, 28, 2, 3, 6, 6, 6, 3, 3, 6, 6, 6
Acc:-1.0
----------------------------------------------------------------------------------------------------
indi:indi0501
code:14, 32, 0, 3, 9, 14, 14, 5, 11, 14, 14, 14
Acc:-1.0
----------------------------------------------------------------------------------------------------
indi:indi0502
code:2, 64, 1, 1, 2, 2, 2, 1, 2, 2, 2, 2
Acc:-1.0
----------------------------------------------------------------------------------------------------
indi:indi0503
code:10, 40, 0, 2, 6, 10, 10, 4, 8, 10, 10, 10
Acc:-1.0
----------------------------------------------------------------------------------------------------
indi:indi0504
code:6, 28, 2, 3, 6, 6, 6, 3, 3, 6, 6, 6
Acc:-1.0
----------------------------------------------------------------------------------------------------
indi:indi0505
code:7, 44, 0, 1, 4, 7, 7, 3, 5, 7, 7, 7
Acc:-1.0
----------------------------------------------------------------------------------------------------
indi:indi0506
code:7, 40, 0, 2, 4, 7, 7, 4, 5, 7, 7, 7
Acc:-1.0
----------------------------------------------------------------------------------------------------
indi:indi0507
code:3, 16, 2, 2, 3, 3, 3, 2, 2, 2, 3, 3
Acc:-1.0
----------------------------------------------------------------------------------------------------
indi:indi0508
code:6, 28, 3, 3, 6, 6, 6, 3, 5, 6, 6, 6
Acc:-1.0
----------------------------------------------------------------------------------------------------
indi:indi0509
code:6, 28, 3, 3, 6, 6, 6, 3, 3, 6, 6, 6
Acc:-1.0
----------------------------------------------------------------------------------------------------