indi:indi0700
code:14, 32, 0, 3, 10, 14, 14, 5, 11, 14, 14, 14
Acc:-1.0
----------------------------------------------------------------------------------------------------
indi:indi0701
code:7, 28, 0, 2, 6, 7, 7, 3, 5, 7, 7, 7
Acc:-1.0
----------------------------------------------------------------------------------------------------
indi:indi0702
code:5, 52, 3, 3, 5, 5, 5, 3, 5, 5, 5, 5
Acc:-1.0
----------------------------------------------------------------------------------------------------
indi:indi0703
code:6, 40, 0, 2, 5, 6, 6, 3, 4, 6, 6, 6
Acc:-1.0
----------------------------------------------------------------------------------------------------
indi:indi0704
code:12, 32, 0, 3, 8, 12, 12, 4, 9, 12, 12, 12
Acc:-1.0
----------------------------------------------------------------------------------------------------
indi:indi0705
code:4, 28, 2, 3, 4, 4, 4, 2, 2, 4, 4, 4
Acc:-1.0
----------------------------------------------------------------------------------------------------
indi:indi0706
code:4, 40, 0, 1, 3, 4, 4, 2, 3, 4, 4, 4
Acc:-1.0
----------------------------------------------------------------------------------------------------
indi:indi0707
code:21, 28, 0, 4, 13, 21, 21, 8, 17, 21, 21, 21
Acc:-1.0
----------------------------------------------------------------------------------------------------
indi:indi0708
code:14, 32, 0, 3, 9, 14, 14, 5, 13, 14, 14, 14
Acc:-1.0
----------------------------------------------------------------------------------------------------
indi:indi0709
code:14, 32, 0, 3, 12, 14, 14, 5, 11, 14, 14, 14
Acc:-1.0
----------------------------------------------------------------------------------------------------