indi:indi0300
code:5, 56, 2, 3, 5, 5, 5, 3, 5, 5, 5, 5
Acc:-1.0
----------------------------------------------------------------------------------------------------
indi:indi0301
code:6, 28, 3, 3, 6, 6, 6, 3, 3, 6, 6, 6
Acc:-1.0
----------------------------------------------------------------------------------------------------
indi:indi0302
code:2, 32, 0, 0, 2, 2, 2, 1, 1, 2, 2, 2
Acc:-1.0
----------------------------------------------------------------------------------------------------
indi:indi0303
code:3, 28, 2, 2, 3, 3, 3, 2, 2, 3, 3, 3
Acc:-1.0
----------------------------------------------------------------------------------------------------
indi:indi0304
code:5, 56, 2, 3, 5, 5, 5, 3, 5, 5, 5, 5
Acc:-1.0
----------------------------------------------------------------------------------------------------
indi:indi0305
code:4, 28, 1, 2, 4, 4, 4, 2, 2, 4, 4, 4
Acc:-1.0
----------------------------------------------------------------------------------------------------
indi:indi0306
code:2, 36, 1, 1, 2, 2, 2, 1, 1, 2, 2, 2
Acc:-1.0
----------------------------------------------------------------------------------------------------
indi:indi0307
code:2, 36, 1, 1, 2, 2, 2, 1, 1, 2, 2, 2
Acc:-1.0
----------------------------------------------------------------------------------------------------
indi:indi0308
code:5, 56, 3, 3, 5, 5, 5, 3, 5, 5, 5, 5
Acc:-1.0
----------------------------------------------------------------------------------------------------
indi:indi0309
code:2, 16, 1, 2, 2, 2, 2, 1, 2, 2, 2, 2
Acc:-1.0
----------------------------------------------------------------------------------------------------